10
34 98
23 7
21 23
16 21
22 23
26 21
33 16
17 7
12 7
32 16
34 21
27 21
19 16
4 21
8 26
6 7
2 27
31 32
14 7
1 33
24 21
18 2
15 32
28 17
29 17
3 12
9 34
11 2
25 28
5 27
30 18
20 8
10 33
13 23
16 21
1 32
4 17
9 24
1 4
2 4
25 11
10 30
21 7
18 26
20 21
26 16
25 32
32 7
21 7
6 34
5 12
16 21
3 29
12 21
29 27
12 16
17 33
34 16
23 7
31 32
19 7
6 12
10 26
1 31
26 21
21 7
5 32
33 21
5 18
9 8
13 10
13 16
22 16
34 26
21 23
13 19
19 26
2 19
13 7
12 26
10 21
21 23
32 16
19 22
24 34
31 27
21 7
28 32
15 24
26 7
15 8
23 7
4 7
33 7
6 23
8 34
14 27
22 23
24 17
32 100
32 12
30 32
2 12
14 30
13 14
20 30
18 14
4 32
1 13
24 20
9 14
5 13
22 1
27 32
23 30
15 13
16 32
17 14
6 5
3 9
11 2
31 27
19 11
10 22
29 23
7 2
28 6
8 3
25 15
26 5
21 14
16 9
23 4
11 22
16 30
3 12
26 20
24 13
23 1
6 20
8 32
7 1
6 20
15 32
27 9
20 2
13 32
6 24
15 5
27 1
9 2
1 4
32 12
1 14
21 7
30 32
1 18
8 7
24 32
5 9
5 12
13 14
18 13
26 17
32 12
17 9
1 18
3 27
24 30
11 3
11 27
13 14
16 13
11 12
9 4
9 4
16 27
14 32
18 13
9 2
9 32
17 2
31 27
28 14
25 16
18 13
13 12
9 32
4 20
9 30
32 12
20 13
13 14
18 2
4 12
15 4
5 14
13 14
32 12
26 17
32 95
26 21
23 21
3 26
7 26
28 21
16 3
14 23
9 23
19 14
15 7
1 15
20 26
30 19
11 30
22 1
12 14
10 14
13 26
5 23
2 14
32 30
4 11
18 14
27 14
6 27
29 19
8 13
25 15
17 9
31 10
24 30
9 14
3 21
6 11
24 3
15 9
11 23
22 15
5 11
4 22
19 3
10 22
28 26
25 11
8 23
10 9
11 3
23 21
7 3
28 23
8 4
4 21
5 3
15 7
17 3
9 3
17 26
27 2
4 13
29 23
2 5
26 21
23 26
22 1
18 20
3 21
31 18
6 20
29 30
4 15
31 28
27 28
10 16
6 16
7 21
4 13
25 29
4 9
5 9
17 23
32 3
8 21
4 21
3 26
5 30
7 26
5 14
20 1
20 14
15 21
4 19
7 3
13 28
20 1
17 22
31 99
27 26
26 7
7 24
24 30
30 9
9 21
21 20
20 16
16 25
25 4
4 23
23 15
15 17
17 18
18 11
11 29
29 5
5 28
28 2
2 3
3 1
1 13
13 8
8 6
6 12
12 19
19 10
10 31
31 14
22 17
27 22
26 22
7 22
24 22
30 22
9 22
21 22
20 22
16 22
25 22
4 22
23 22
15 22
31 14
27 23
8 10
17 31
27 31
15 13
8 31
10 31
7 3
16 25
30 19
18 13
30 10
9 14
1 10
5 6
15 3
8 31
18 5
31 14
9 14
31 14
8 10
31 14
15 14
25 31
31 14
9 12
4 5
16 4
16 6
11 28
19 14
28 10
16 31
2 3
21 8
19 31
16 31
4 3
12 14
27 12
19 14
31 14
11 8
7 30
5 10
21 12
2 10
19 14
28 3
30 17
2 31
5 28
28 3
23 29
30 99
27 30
5 30
24 27
4 27
28 27
12 27
8 27
13 24
18 12
2 4
16 13
22 13
29 8
14 12
7 4
11 22
23 11
20 11
3 24
19 24
9 27
10 5
1 4
25 2
15 3
26 9
17 14
21 23
6 24
25 5
6 24
13 5
19 23
17 5
1 4
24 30
27 30
9 22
20 2
28 30
18 27
13 28
1 28
5 27
5 27
19 12
19 23
6 18
29 28
23 7
13 12
23 30
8 27
9 14
11 8
18 12
15 12
24 27
12 28
7 8
19 12
6 27
4 5
16 30
11 5
28 5
9 12
1 18
29 18
12 24
1 28
8 24
1 30
6 17
28 30
17 9
16 4
20 28
13 28
29 2
5 30
18 5
14 30
22 27
10 11
23 22
24 30
15 29
7 16
7 28
18 4
12 24
9 14
23 13
28 30
10 4
10 4
21 2
13 5
31 98
24 27
27 1
1 21
21 18
18 12
12 14
14 31
31 28
28 2
2 23
23 6
6 15
15 20
20 30
30 19
19 7
7 25
25 22
22 3
3 29
29 17
17 26
26 13
13 11
11 8
8 9
9 10
10 16
16 4
5 3
24 5
27 5
1 5
21 5
18 5
12 5
14 5
31 5
28 5
2 5
23 5
6 5
15 5
20 5
30 5
19 5
7 5
25 5
22 5
6 3
3 11
8 9
7 11
6 8
22 10
10 4
21 20
11 8
1 28
28 25
15 13
6 4
11 4
15 9
8 10
15 3
8 9
1 28
28 29
13 4
7 25
13 11
1 23
20 13
19 22
21 18
25 9
15 16
30 13
31 23
1 7
10 16
3 29
8 10
3 10
2 16
11 10
23 15
9 16
13 10
31 30
8 4
8 9
17 26
25 4
30 25
23 16
23 8
34 99
31 13
10 13
26 31
29 26
3 13
1 13
14 29
19 10
2 29
34 10
7 19
22 13
17 7
5 2
24 26
25 10
15 13
23 24
11 10
9 34
28 34
27 17
30 27
33 24
18 17
4 11
6 14
16 26
21 13
12 7
32 19
8 9
20 12
24 29
15 22
12 29
5 19
9 29
22 13
28 29
21 28
22 13
6 31
4 33
2 3
8 31
17 31
17 7
6 1
28 14
27 3
11 26
9 2
31 13
6 19
21 11
17 10
20 3
23 7
6 5
12 23
2 3
28 3
29 31
17 29
15 1
3 13
12 3
29 10
11 25
25 24
23 1
25 1
32 10
3 13
11 14
22 10
19 3
17 29
19 13
31 13
9 10
30 13
4 18
17 14
28 13
9 24
9 10
25 34
16 26
29 13
11 19
3 13
7 3
31 13
29 10
1 3
31 13
14 31
31 97
5 20
14 20
23 5
15 5
3 15
18 15
8 20
28 15
7 3
9 20
16 23
4 20
24 20
1 15
11 15
25 24
21 25
12 18
19 8
13 18
26 23
22 15
29 7
30 15
2 16
17 15
6 16
27 8
10 28
31 15
17 29
10 29
2 1
1 14
23 14
16 28
11 4
1 4
15 5
8 18
23 5
5 20
24 15
29 18
18 3
22 12
24 15
9 7
7 28
28 5
10 29
2 3
29 1
14 20
23 5
11 15
27 3
3 14
5 20
27 8
4 20
13 23
5 20
11 7
18 15
26 20
23 20
5 20
1 24
24 14
14 5
24 18
6 25
29 14
3 5
7 23
5 20
5 20
19 9
14 5
31 24
16 23
13 5
9 15
3 15
23 20
15 14
16 15
29 7
14 20
8 5
15 20
31 2
26 7
23 5
2 28
27 20
34 100
11 22
22 25
25 2
2 15
15 34
34 21
21 28
28 5
5 1
1 18
18 7
7 13
13 17
17 12
12 19
19 16
16 10
10 33
33 8
8 9
9 3
3 27
27 23
23 31
31 20
20 4
4 14
14 6
6 29
29 24
24 26
26 32
30 24
11 30
22 30
25 30
2 30
15 30
34 30
21 30
28 30
5 30
1 30
18 30
7 30
13 30
17 30
12 30
19 30
16 30
10 30
33 30
8 30
9 30
3 30
27 30
23 30
31 30
20 30
4 30
14 30
6 30
29 30
13 12
34 26
1 19
11 13
25 26
5 4
9 20
14 24
7 12
8 26
20 6
1 33
16 8
16 29
22 29
33 14
12 14
18 14
26 32
2 24
25 18
4 29
23 32
21 23
2 14
31 29
13 12
4 14
9 32
20 26
15 9
2 9
2 8
18 26
23 14
15 4
31 26
31 96
23 17
17 31
31 8
8 10
10 20
20 27
27 18
18 1
1 25
25 9
9 22
22 4
4 16
16 2
2 24
24 7
7 29
29 13
13 3
3 26
26 15
15 21
21 6
6 12
12 11
11 14
14 19
19 28
28 30
5 6
23 5
17 5
31 5
8 5
10 5
20 5
27 5
18 5
1 5
25 5
9 5
22 5
4 5
16 5
2 5
24 5
7 5
29 5
13 5
3 5
26 5
15 5
21 5
28 30
29 13
3 11
31 27
10 14
17 6
21 11
17 15
23 18
13 14
16 6
1 2
26 14
8 26
16 14
3 28
2 28
15 30
22 26
22 4
6 12
19 30
28 30
12 11
20 12
28 30
18 16
20 14
26 11
11 30
9 15
29 30
24 14
16 14
25 22
2 12
15 6
4 21
22 24
22 19
10 24
3 15
21 28
