1000
735 65 811 15
-332 -523 -362 -545
-518 193 -516 214
152 492 223 520
-446 -887 -540 -875
942 727 661 675
-191 869 -141 957
-723 -510 -753 -543
-858 -89 -803 10
-748 -188 -783 -268
172 -767 184 -720
-956 -320 -593 262
-231 831 -272 767
-157 512 -100 488
-512 -80 -506 -117
731 -884 684 -887
-54 438 -93 463
-625 -95 -624 -111
-540 -751 -590 -780
545 -639 634 -651
72 -854 -3 -810
-691 -976 598 443
466 709 -489 14
490 625 499 720
-348 347 -442 -118
-292 373 -337 390
-742 -409 99 -605
-903 -738 -672 252
-642 -593 -549 -536
806 212 759 151
523 -324 738 -919
613 -839 626 -754
-851 -406 -927 -429
25 887 -20 934
230 551 231 579
-357 808 -457 798
-598 -713 -498 -666
-862 323 32 530
403 -684 405 -717
233 -502 563 520
809 -30 738 -128
-128 402 -75 482
-399 467 -477 416
125 190 172 255
365 -607 387 -649
-177 -871 -214 -926
38 768 -28 846
863 -549 145 772
296 -39 257 51
110 841 156 921
-462 979 151 -78
112 817 41 906
335 265 375 169
-658 625 -687 541
857 474 829 544
884 206 787 254
60 596 78 596
-810 167 -770 159
-546 101 -545 154
874 -753 902 -817
-77 22 -45 114
238 -554 481 28
201 237 93 -543
-773 -22 -692 49
747 -5 705 90
-46 881 -18 936
437 -348 478 -441
249 522 258 492
858 -698 780 -770
-113 422 -103 379
-194 304 -121 242
858 370 814 467
-563 -459 -518 -416
-822 653 -832 672
242 -778 225 -698
-348 449 -342 374
-945 159 -300 -141
684 -885 643 -919
-619 348 -624 272
272 -855 229 -841
-73 782 -153 739
686 -23 591 50
-67 625 -114 558
-258 -38 -166 -82
-311 -694 -232 -735
-999 -699 -7 529
-599 539 -582 608
-644 -609 -545 -536
-556 117 -642 217
589 607 -344 -997
165 -347 254 -290
-838 594 -759 639
864 -510 926 -518
744 870 689 857
-727 -65 -805 -148
705 720 -414 918
677 795 631 865
-695 627 -698 605
-586 -765 -580 -865
202 873 205 935
744 -366 653 -411
543 -477 470 -406
440 284 502 284
113 -605 156 -783
-573 495 -492 555
-616 -976 -323 -984
-676 29 -776 52
-395 -807 282 -522
399 -879 336 -883
-23 554 -119 654
685 752 649 814
889 -294 977 -244
-678 745 -604 820
-194 -56 -243 -149
477 -386 495 -362
-426 -418 -430 -441
193 -468 128 -541
-659 381 -702 416
-697 -411 -645 -467
-652 701 -663 740
655 -408 587 -437
-666 612 -634 579
-316 722 -388 721
-338 -218 -240 -162
532 179 472 117
-12 -275 42 -262
-111 -29 -172 -53
-700 -539 -671 -619
-786 463 -842 491
861 440 790 438
672 -841 580 -940
48 969 -771 -419
908 501 -330 -315
-434 13 -436 30
-687 134 -101 203
231 -280 301 -375
168 625 258 635
578 -337 621 -327
-309 255 -315 187
693 514 706 457
-156 -44 -102 -29
-624 -462 262 629
546 178 610 191
657 -535 573 -461
-24 488 34 568
-567 607 -661 600
350 -283 -643 -323
220 348 292 301
-574 548 628 -991
-391 169 -476 242
426 -842 365 -935
-713 -839 -752 -909
-736 -644 -790 -691
678 -140 692 -142
-733 -343 -275 895
535 -798 595 -775
-377 348 -389 332
466 827 -121 -977
-417 -133 -505 -136
275 737 232 684
618 801 655 717
-683 -163 -752 -220
-218 170 -147 270
117 49 198 70
-522 -165 -548 -234
90 -385 183 -335
683 847 767 898
-213 -200 -124 -161
-321 66 -304 73
596 -610 957 -959
728 855 629 760
-692 -70 898 -482
203 -796 299 -866
-270 283 -207 231
-167 165 -192 123
531 247 582 244
519 306 472 339
-476 -33 -490 980
-115 51 -172 27
-891 -96 466 461
-532 208 -563 229
-395 -397 -415 -335
-336 554 -266 603
138 380 166 316
-663 144 -732 232
698 594 625 629
-610 31 -642 62
-301 -70 66 -466
-312 -818 -367 -761
106 149 103 198
297 332 192 275
-866 851 -776 782
300 31 386 -69
420 -710 334 -628
831 69 -925 960
151 512 135 595
217 829 292 872
-735 -118 -185 860
163 -457 26 -136
359 479 388 438
-891 -555 -877 -482
902 73 399 -536
-268 615 -268 694
-179 416 -238 317
417 332 471 423
834 -771 871 -762
-618 -658 -548 -562
-626 -2 -573 80
384 240 342 334
-435 -184 -387 -89
-633 -49 423 46
-71 -628 -274 882
89 258 78 160
-258 -177 -335 -91
897 -138 926 -201
-864 571 -882 512
177 542 126 587
772 -718 825 -725
-809 46 247 562
-882 -697 -944 -760
931 -700 -265 887
172 793 116 806
-600 794 -639 874
-305 -287 30 -592
281 67 281 142
693 651 622 566
-616 29 -624 -7
-650 706 -589 797
297 651 359 719
-707 579 -625 607
-782 534 -821 592
543 -524 633 -596
95 -370 193 -413
777 811 872 776
328 660 391 723
53 838 15 781
659 201 -965 391
-102 336 -9 353
-441 -119 -374 -180
968 -655 -795 186
-580 9 12 386
-236 611 -189 642
95 -628 -2 -705
-873 -400 15 727
18 328 117 409
-333 -489 -253 -560
892 -336 960 -317
518 -532 -847 88
735 48 727 76
-895 -391 -987 -488
-227 -605 -138 -682
582 468 626 522
-429 712 -526 779
-657 535 -659 522
-102 197 -961 273
-590 194 -510 294
-869 479 -569 110
-574 235 -565 276
207 -196 187 -144
-849 -494 -834 -456
-679 -214 -763 -120
332 703 475 587
511 356 569 378
-359 -261 -456 -247
234 -431 234 -460
-188 -878 -106 -957
-372 731 -471 634
-745 677 -684 628
-332 -195 -278 -244
-317 -496 -354 -571
-953 193 443 -339
269 -40 -493 -35
485 -392 569 -294
-167 822 -138 792
210 64 192 92
-90 339 -67 279
33 176 24 103
-731 -791 -664 -765
-162 678 -241 680
833 -858 -987 534
-483 757 -387 727
-513 120 854 712
841 89 134 21
-604 -412 -623 -409
720 -440 821 -422
776 -834 810 -772
-585 530 -625 591
145 604 211 508
-282 247 -248 147
164 786 219 756
637 -97 225 457
-736 -50 -777 16
-52 -809 542 1000
368 249 331 237
-107 -18 -84 -65
193 476 220 442
-1 -488 -732 782
697 -153 713 -64
-851 -708 -847 -784
710 46 728 105
825 -578 800 -666
-75 -193 -151 -251
-454 -816 -402 -811
153 54 96 94
505 -477 -339 490
-830 809 -848 763
221 475 172 518
-506 -528 -425 -571
-421 750 -214 -25
-131 -547 -143 -864
-20 -671 -25 -678
-708 -112 -619 -151
575 262 652 225
-27 729 -98 691
-196 -465 -150 -527
670 -306 670 -279
287 -818 208 -788
-872 -198 -954 803
-867 -169 -868 -256
-259 752 371 -521
-731 -192 -640 -241
-746 201 -648 145
-789 -310 -835 -322
996 186 -156 -959
88 -279 148 -342
484 -783 462 -763
-5 455 -71 481
-881 87 -960 186
577 -150 -696 478
-646 711 -712 680
638 -224 607 451
721 530 624 468
-496 246 -938 983
354 579 425 548
-439 -900 -482 -973
436 604 469 698
-74 -851 -68 -833
99 -319 -437 942
-361 575 -370 674
-689 -539 -636 -528
-732 -156 -804 -154
-459 774 821 461
832 846 829 800
948 462 -602 -933
-289 -550 -366 -537
60 -878 -39 -895
591 -823 501 -828
277 -717 268 -683
-242 705 -172 135
-455 -361 87 -499
-886 348 -859 322
643 -163 625 -181
421 87 387 145
-852 718 -776 806
809 -833 816 -748
-634 -898 -667 -812
-128 111 721 672
245 -649 211 -660
275 783 251 854
322 -820 406 -724
67 836 55 750
-691 173 -765 203
568 -241 649 -220
440 475 29 -600
204 -306 107 -226
374 232 425 212
-218 -383 -203 -289
-844 33 -934 -21
-839 -440 25 38
496 686 582 747
29 -765 -32 404
-538 -385 -495 -352
-310 724 -290 776
-860 713 -872 696
21 -588 75 -561
656 87 -687 24
-766 -676 -830 -693
419 -804 974 -201
881 -694 967 -786
710 -426 643 -471
-684 -618 -682 -564
-327 -507 -311 -433
847 673 757 647
683 845 -647 213
213 -852 250 -864
836 -845 935 -763
-828 698 -889 762
-150 -405 240 -548
836 228 907 201
-101 -191 -126 -174
47 758 15 696
343 -109 405 -176
540 -558 539 -597
85 -625 82 -691
339 -506 302 -527
850 430 807 491
-391 -688 -364 -604
-800 -188 -713 -142
-598 734 -651 787
77 428 111 431
-124 -758 -56 -695
304 418 286 362
-336 766 426 -535
-591 -672 664 598
-219 -670 -155 -709
219 154 217 130
860 250 893 236
-192 451 -157 406
-145 97 -168 59
147 457 208 441
-576 591 -357 772
-675 140 -699 145
-185 -743 -272 -714
582 623 664 558
-586 -362 243 -184
-182 555 -262 479
173 791 201 743
631 49 546 113
-372 240 -335 207
772 72 764 149
-212 969 731 588
764 -291 862 -252
111 -952 547 497
-474 -679 -467 -690
716 -832 681 -774
848 91 876 137
392 786 397 746
-116 -250 34 199
19 884 83 810
-474 -805 -396 -787
313 -255 344 -207
98 118 -2 35
643 -7 637 -72
-615 486 552 419
-102 396 -79 365
410 -698 346 -713
-205 389 -268 394
742 368 660 302
-475 -426 -464 -365
687 115 727 21
485 235 555 190
-849 767 -939 759
515 632 691 -884
827 -838 792 -888
-417 -837 -440 -849
-689 -733 -710 -718
601 -765 626 -808
-622 660 -659 -707
-664 -687 -694 -656
745 366 792 322
264 779 344 816
899 -185 928 -99
-162 645 -238 561
-807 169 -864 213
-365 -276 -357 -258
728 -432 971 504
-731 -651 243 229
254 536 285 534
-761 -511 -852 -528
-16 -970 -129 -898
15 -23 -72 -3
45 760 53 766
-726 57 -307 518
199 -377 117 -326
905 -39 -59 -455
438 -374 490 -365
746 -470 766 -501
-38 672 48 750
-586 -762 -686 -808
722 -146 732 -210
-759 520 -676 445
-402 -785 -441 -860
885 803 923 823
-273 -301 -302 -337
-446 469 -429 468
-857 446 -811 494
479 -383 -431 -278
465 754 443 815
-554 -371 -471 -438
-559 69 -591 -29
492 68 586 70
-278 -729 -210 -818
563 17 595 82
-30 -827 -70 -897
872 -769 956 -775
450 -840 472 -859
701 778 782 869
-532 -815 -524 -715
-607 -697 -609 -771
894 -108 -193 -34
439 815 424 821
601 -857 675 -891
-696 -86 -730 -154
-688 -650 -729 -708
-109 -283 -76 -210
-141 -38 -622 223
246 -797 387 -836
546 -458 507 -536
4 381 -36 307
54 -219 -88 194
-561 746 -472 763
46 283 444 -19
-404 560 -318 481
-392 -811 -484 -722
-530 -778 -564 -712
782 495 818 539
-425 605 -426 582
544 -908 348 -455
-678 407 -664 420
247 -230 -230 667
178 521 155 483
571 -319 213 163
-524 -509 -518 -559
-76 22 -768 829
305 -204 -403 -839
385 -681 295 -612
-166 -361 -147 -295
422 343 449 -366
-333 51 155 84
484 -288 445 -266
412 98 498 -1
-18 -633 -112 -718
-396 -275 -447 -188
-554 -274 -466 -334
173 -133 82 -154
558 438 839 -334
186 -519 253 -479
-796 -147 -844 -129
-791 -99 -735 -40
-154 550 -104 520
684 272 668 299
-458 -223 -395 -234
595 -702 520 -682
390 -140 368 -125
504 858 540 759
88 654 138 713
-501 -258 -581 -172
751 462 731 540
-606 112 -526 56
-158 747 -176 688
-367 141 -446 159
629 370 544 428
619 -126 530 -186
-122 -372 -179 -378
701 656 713 715
-168 251 -105 195
-367 863 -425 918
-824 -172 -803 -134
-793 433 -813 502
-999 -946 295 -128
-244 -195 -255 -199
221 -383 299 -375
287 648 316 580
-810 264 -901 308
-121 813 -220 823
-243 -394 -342 -393
-442 930 313 -721
400 -391 439 -408
-720 122 -759 91
-254 -147 161 910
-314 -291 -227 -235
-397 727 -306 633
361 638 452 630
208 -204 533 -838
194 450 147 540
-651 -180 -589 -260
255 -520 165 -486
-331 398 -295 456
-431 845 -403 777
-571 -866 -576 962
478 -229 978 734
23 612 -76 657
-803 612 -874 639
398 863 462 859
-106 178 -54 264
882 -181 805 -196
629 879 641 879
-270 -702 -207 -633
-443 -626 -424 -681
-128 677 -225 634
-246 27 562 941
-530 -583 -569 -500
467 601 460 622
-708 -828 -655 -843
-390 590 268 426
-837 -132 -885 -128
-788 541 -823 533
-682 -819 -715 -792
104 438 106 485
-499 -817 -506 -794
803 -992 900 -373
-112 597 -67 602
393 -272 443 -261
-285 -133 -334 -151
-556 -852 -467 -816
-342 605 197 -277
157 52 240 112
678 -83 741 -53
-8 117 447 698
229 -28 -893 -109
109 106 95 9
536 -619 490 -601
137 -377 211 -310
704 583 798 594
-128 336 -72 372
-928 -75 -501 737
835 -86 886 -110
-685 167 -665 170
-319 -231 -285 -151
643 503 649 411
366 792 320 885
-680 -135 -764 -223
-358 144 6 560
654 522 677 467
577 -180 673 -161
-531 -490 -523 -535
517 863 428 914
-785 -397 -867 -315
-96 -910 247 910
170 -833 167 -843
963 304 -191 124
418 -561 445 -590
-244 -499 -571 -410
-774 806 -782 854
-43 113 -131 180
958 -788 -550 -261
508 197 607 156
761 761 717 728
-523 107 -613 113
674 338 584 358
-302 -357 -315 -357
-831 -119 -883 -173
970 793 -218 476
278 -349 807 -687
-448 -779 -434 -821
298 -376 279 -436
-573 -330 -570 -379
453 167 485 133
-732 164 -712 66
-64 407 -145 465
-800 -460 -810 -498
-360 735 -361 650
-732 696 1 574
761 -662 743 -594
-489 -605 -510 -658
-33 -38 50 -132
-873 647 -861 572
-584 -702 612 -86
-201 -261 -816 358
466 831 526 850
138 752 47 781
659 48 754 49
626 -337 552 -424
-378 732 -458 682
-104 -602 -165 -701
382 697 851 243
-673 -682 -668 -595
917 284 -595 -226
877 -338 968 -312
244 -126 189 -205
551 750 560 797
-722 -894 -716 -921
63 -388 151 -420
478 571 470 598
892 -164 796 -76
-247 -257 -175 -199
310 685 236 735
-143 235 -111 135
-30 -449 -59 -476
196 625 196 675
846 -568 822 -603
-620 639 -697 639
-857 552 -808 612
369 -682 457 -591
808 -66 -744 588
-471 595 -848 -301
-387 212 -455 160
138 -814 89 -825
581 465 649 398
-441 -421 -507 -376
-213 672 -203 728
-674 -320 -656 -239
102 -196 166 -160
228 611 305 600
-40 -284 -27 -213
36 554 -608 852
-894 452 -918 545
-347 -746 -420 -770
-234 655 -199 650
389 -480 -580 770
68 315 164 337
-335 348 -371 250
-25 -152 -13 -189
640 -186 720 -225
148 225 126 171
283 891 354 953
785 573 -344 -332
593 633 602 689
253 835 180 750
649 -669 -291 626
68 939 176 -735
231 -412 205 -402
-538 567 -509 640
660 522 738 452
-58 -683 -45 -586
-388 -665 -339 -718
-545 635 -512 596
-42 732 -70 732
171 337 183 396
407 -296 459 -369
305 -185 399 -250
-236 -631 -292 -589
-769 -413 -795 -500
-662 792 -599 713
862 -64 816 -29
468 -761 456 -767
-875 532 -816 523
615 -453 520 -507
222 -32 299 -52
-773 -206 -793 -205
604 -906 -194 800
147 -571 240 -472
-614 572 -805 512
-744 92 501 -16
-591 -607 -655 -686
400 982 256 813
-798 845 -863 944
-177 -320 -263 -233
628 -790 680 -692
59 393 -23 451
820 422 -959 714
727 113 780 -18
93 251 455 615
-773 53 590 -725
565 -767 734 112
31 -574 111 -599
-283 -553 -267 -529
-255 -370 346 -476
-87 -316 -149 -387
-558 -507 -480 -560
-182 298 -87 291
247 -467 330 -437
-793 -782 -766 -721
123 20 -732 -532
437 -704 833 413
760 -60 799 -133
101 -488 951 -325
-447 430 -388 429
-539 488 -476 398
-389 643 -484 609
757 -863 773 -936
-528 841 -614 -769
-834 248 -914 209
-775 -981 316 746
726 352 797 372
37 -149 216 765
-744 151 -627 151
-9 -145 -44 -234
-863 -495 -790 -555
-8 -281 63 -215
-246 678 -316 697
-176 95 -216 194
-739 -895 -804 -845
236 444 301 383
-853 227 670 -109
-848 -245 -421 -345
-558 -762 -466 -856
6 -738 -60 -795
864 -117 773 -174
565 255 519 181
-238 -785 -224 -793
-71 568 -128 497
730 840 671 843
203 254 285 220
704 -627 621 -719
-836 574 -851 584
-289 542 -297 447
418 -574 347 -499
53 -694 106 -653
13 318 -13 264
555 -773 468 -752
-609 -488 -687 -471
71 -480 49 -471
331 866 261 958
-862 -515 -860 -436
-25 -150 -22 -135
545 -691 630 -786
374 707 289 716
-733 -773 -720 -794
853 -597 779 -541
-82 -795 -60 -801
-279 -587 -275 -531
804 -846 770 -818
-796 445 968 -624
464 404 -595 79
-657 -185 -564 -273
659 637 630 634
-133 -528 -152 -593
-672 399 -769 495
-493 46 -522 144
39 -710 -849 1
833 -456 868 -467
8 551 -46 545
782 -202 741 -277
-344 434 -254 402
255 -30 -268 263
320 698 335 766
350 400 336 401
338 -457 588 -30
-656 -698 -713 -713
-569 -304 480 123
587 248 629 247
801 -278 -388 887
-756 -304 -703 -295
-7 -893 12 -823
-151 -848 -69 -767
874 249 954 172
-602 -528 -534 -540
-848 415 -906 406
-277 -558 -303 -624
400 189 361 228
-43 -52 -151 596
55 547 146 610
-806 677 -731 764
-408 623 -310 660
868 572 884 473
36 -240 -23 -239
-783 -140 -698 -238
887 -744 846 -713
-551 847 -645 834
620 -388 -496 116
953 -152 231 532
695 -549 -458 586
594 -564 15 593
-629 234 -390 692
-894 680 -980 700
302 -610 350 -515
423 -894 424 -790
-586 160 -528 138
194 240 146 178
617 260 683 210
386 -805 478 -810
110 -492 66 -437
-628 -453 -698 -374
273 367 289 410
18 512 -10 502
-473 -829 -435 -759
407 332 344 273
540 -143 579 -215
704 487 777 395
-592 380 -600 341
662 -841 652 -742
-133 248 -170 167
-320 90 -348 165
-1 -489 7 -534
818 521 899 454
624 -67 659 -10
-159 327 -219 339
-518 -46 -433 48
-561 671 422 294
-435 856 -435 756
-537 849 -605 852
413 -348 -823 780
734 -749 -21 64
-717 732 -731 757
-610 846 -554 928
-649 -418 -597 -408
-436 288 -349 372
-30 -381 -126 -378
-156 692 -160 780
863 63 916 36
-280 389 -396 -590
820 -713 686 676
-11 -412 76 -423
-292 -609 -309 -633
225 396 315 391
534 -677 556 -665
-524 271 -406 -362
673 447 643 507
472 74 405 -15
-754 825 -783 918
-349 -65 27 -866
-654 290 -585 320
-400 472 -456 523
930 982 644 454
-388 250 -334 182
578 -312 637 -385
-34 691 -8 775
-751 184 -704 114
-398 311 -472 255
835 76 771 124
58 -607 -222 199
-267 -285 -296 -333
-676 -875 -690 -893
-960 816 -518 279
-114 591 -36 586
738 32 733 -50
614 277 541 244
592 -515 658 -436
-855 -365 -922 -299
-21 953 723 18
237 270 165 280
312 124 394 78
279 657 184 646
-792 -497 -862 -498
209 55 167 -19
728 81 678 114
-306 371 -405 392
74 533 41 514
-604 623 -618 706
-96 -766 -18 -680
586 779 579 840
814 -202 782 -113
73 200 156 267
-6 -147 -24 -71
986 -507 -68 726
225 -163 226 -64
-169 865 -261 -106
777 -699 873 -756
-583 -507 -668 -562
235 549 176 497
569 880 -632 -943
-562 -790 -639 -823
213 711 8 509
-258 -866 -171 -912
26 502 -203 -288
469 110 84 -185
-86 -50 -71 -75
718 -377 764 -373
496 -662 -117 -940
45 -326 -472 455
799 84 819 177
-791 540 -715 535
-581 323 756 -141
53 -90 8 -112
672 -284 -634 -889
-209 828 -198 855
-832 70 -888 4
-8 315 -27 258
-277 148 -280 77
875 -997 -450 -627
310 575 219 530
831 828 -575 -161
-408 944 830 239
247 507 292 527
42 -767 -3 -766
-6 -488 -739 101
-198 -525 -140 -470
315 927 -321 740
875 223 779 173
248 652 212 732
773 286 848 290
305 363 251 389
-594 108 -620 90
-93 152 -91 109
644 202 637 266
762 -536 766 -456
-995 -897 706 -659
590 93 591 85
-740 288 -785 231
-142 744 -168 676
-793 184 -843 246
879 829 882 898
373 729 357 671
-484 -72 -555 -156
-413 158 -953 -57
297 -597 468 -535
-614 -327 -640 -285
-795 220 390 -574
638 -649 595 -736
-4 -728 -11 -770
-638 522 -658 541
-880 903 -598 145
859 601 924 548
-278 -885 -275 -800
-582 -37 -559 -52
-650 950 955 62
147 287 190 368
839 -799 765 -875
-257 96 -348 16
183 220 205 230
679 -761 659 -757
-836 368 -800 381
193 874 292 925
-568 -40 -484 -102
236 -491 141 -546
-840 408 -845 379
-228 -278 -229 -286
368 -719 407 -812
-236 -617 764 -110
-235 135 -136 38
-439 683 590 -863
-584 -406 -597 -311
-490 772 -743 213
515 388 562 368
-408 552 -368 586
189 -854 208 -951
-511 830 -464 777
-567 -850 -534 -882
-506 -398 -458 -348
