170
-8416 5903
-8986 2991
-9796 2674
-9738 -2421
-9981 -8204
-9551 -9030
-9366 -7450
-9135 -5682
-8417 -348
-8711 -4474
-8973 -6706
-8928 -7671
-7822 -6656
-6945 -8540
-6738 -3835
-7805 -4523
-7999 -3934
-6976 996
-8535 -4148
-7411 3615
-5544 -3489
-6962 2505
-6598 2581
-5632 -1026
-5079 -2276
-5163 2228
-3995 -7059
-2857 -431
-3446 -5035
-3269 -6720
-2254 -2475
-2372 -3894
-2810 -6903
-2328 -5001
-1523 -4145
-1374 -1588
-127 -1348
-127 -1669
-241 -2123
-245 -3396
-2855 -8223
-519 -6882
-76 -1883
105 -3954
572 -2610
774 -4335
653 -4833
944 -4833
1332 -5150
1752 -5546
1435 -6106
984 -8286
2944 -5033
2884 -5876
4654 -9158
4822 -8558
6276 -9038
5507 -7839
4447 -6351
7486 -8654
8029 -9097
8434 -9050
9659 -8420
7991 -7358
3551 -4290
7283 -6699
800 -1223
-706 301
-707 133
-2181 1090
-3797 2429
-1871 2024
-817 1798
2313 -784
1603 -602
2624 -1745
3746 -2895
5950 -4219
6727 -5341
8170 -6819
9344 -6676
9627 -7214
8014 -2917
9056 -2832
7103 -1944
7907 -2270
5207 -1039
3018 -27
2744 544
4147 345
7599 196
6496 440
6017 480
360 1668
-3175 2743
1466 2264
-2430 3174
-6073 4525
-4586 4299
-2539 3701
-2058 3627
3067 2215
2571 2652
1526 3180
1142 3166
-1781 3647
-4527 4326
-2087 4350
-7724 6682
-6554 6798
-6175 6833
-3535 5343
-2242 4623
-5450 7007
-3895 6051
-565 4047
-1701 5125
-1845 5207
-3066 5998
-3450 6371
-4556 6923
-4292 7079
-3371 7537
-2069 6796
2533 3171
3193 4292
1491 4865
966 6027
182 6756
833 7745
1839 7765
3241 5235
3074 6472
4803 4649
4635 5195
6876 2844
9632 867
8282 2889
9988 1831
7153 5169
5900 5857
4707 7319
6207 6402
6618 7004
7477 6993
6620 5724
8300 6833
9292 6947
7120 7372
5162 8505
2042 8359
4443 9119
2498 8942
1761 8888
496 8874
179 9153
399 9969
-581 9619
-5322 8504
-5663 8265
-1452 8719
-3293 8359
-7666 7834
-4775 9323
-4584 9747
-7813 9824
-5592 9619
-9697 9677
-9422 8210
-9504 8188
