166
1 -17
1 -22
1 48
1 -55
1 50
1 91
1 4
1 -55
1 -20
1 -53
1 -22
1 100
1 -55
1 -55
1 82
1 82
2 -10
4
3 82
3 -55
4
2 -22
1 -55
3 37
2 82
4
2 82
3 -55
3 100
2 -55
3 100
4
5 86
5 -8
4
3 97
2 48
5 -32
3 11
4
4
1 25
1 62
2 100
1 -55
4
2 -135
1 -55
5 165
4
3 -55
1 97
1 -55
4
4
2 -22
1 -20
1 91
4
3 -55
5 119
4
2 91
3 -55
3 97
1 -55
2 -55
3 98
4
4
1 -118
2 91
2 -22
4
5 -40
1 -55
2 42
3 97
1 -21
5 85
2 97
2 -22
2 -17
2 -147
5 -87
2 97
4
3 -55
3 97
1 -117
1 97
1 -118
1 2
3 -118
2 -22
3 -118
1 -98
4
1 97
3 91
4
4
2 91
4
1 97
1 37
4
3 -55
2 62
5 0
1 97
1 25
5 25
2 62
5 26
3 97
3 97
1 4
1 -28
2 62
1 -98
1 -98
4
5 157
3 -28
1 -118
5 69
5 -116
5 -17
4
2 97
2 -28
3 -98
5 12
5 90
5 -153
1 62
5 165
1 -25
4
1 97
1 11
4
1 -118
4
5 -125
3 97
3 62
5 -37
1 38
3 -118
5 52
1 -118
4
2 -25
3 -118
3 -118
4
2 97
1 -22
5 95
3 97
2 97
4
1 -20
3 -22
