80
714 -946
503 -700
-677 128
-564 970
-8 379
247 273
-337 351
226 816
26 592
-168 -418
-116 -761
-216 625
36 911
-378 -557
-76 648
-410 -363
259 650
-506 140
-223 -513
109 769
423 913
42 -915
264 825
458 847
417 848
-571 858
-914 -230
39 -321
-320 218
-320 604
-135 270
798 -876
-80 849
264 254
-665 930
-420 758
842 179
400 -338
3 -142
-491 977
-738 -505
834 -652
-178 -128
-415 59
647 -178
-337 -488
-909 -983
-807 -432
867 14
823 759
-57 960
517 -659
138 -527
-439 -860
-112 -373
675 150
-321 508
56 501
938 198
-441 141
-981 -221
653 -890
-203 403
-764 -780
-584 616
979 -84
575 52
-185 -288
526 -67
-591 -587
560 -917
121 -762
149 -824
296 -357
374 412
784 393
-809 -6
60 -455
954 -147
-235 -630
